# start - Mon May 28 01:20:03 2018
# beta: 0.016667
# n_ensamble / n_max: 1000.000000 / 40000.000000
# initial energy: 5845394.428599
#
# energy acceptance step
 5.845e+06 0.00806452 1.2e-06
 5.845e+06 0.01587302 9.5e-07
 5.845e+06 0.02325581 7e-07
 5.845e+06 0.03053435 5.6e-07
 5.845e+06 0.03787879 5.1e-07
 5.845e+06 0.04379562 3e-07
 5.845e+06 0.04929577 1.8e-07
 5.845e+06 0.05517241 1.3e-07
 5.845e+06 0.06122449 1e-07
 5.845e+06 0.06711409 8.5e-08
 5.845e+06 0.07333333 7.6e-08
 5.845e+06 0.07947020 6.8e-08
 5.845e+06 0.08552632 6.2e-08
 5.845e+06 0.09150327 5.5e-08
 5.845e+06 0.09740260 5e-08
 5.845e+06 0.10322581 4.5e-08
 5.845e+06 0.10897436 4e-08
 5.845e+06 0.11392405 3.3e-08
 5.845e+06 0.11949686 2.9e-08
 5.845e+06 0.12500000 2.7e-08
 5.845e+06 0.13043478 2.4e-08
 5.845e+06 0.13496933 1.9e-08
 5.845e+06 0.14024390 1.7e-08
 5.845e+06 0.14457831 1.4e-08
 5.845e+06 0.14970060 1.3e-08
 5.845e+06 0.15476190 1.1e-08
 5.845e+06 0.15976331 1e-08
 5.845e+06 0.16470588 9.2e-09
 5.845e+06 0.16959064 8.3e-09
 5.845e+06 0.17441860 7.5e-09
 5.845e+06 0.17919075 6.7e-09
 5.845e+06 0.18390805 6.1e-09
 5.845e+06 0.18857143 5.5e-09
 5.845e+06 0.19318182 4.9e-09
 5.845e+06 0.19774011 4.4e-09
 5.845e+06 0.20224719 4e-09
 5.845e+06 0.20670391 3.6e-09
 5.845e+06 0.21111111 3.2e-09
 5.845e+06 0.21546961 2.9e-09
 5.845e+06 0.21978022 2.6e-09
 5.845e+06 0.22404372 2.4e-09
 5.845e+06 0.22826087 2.1e-09
 5.845e+06 0.23243243 1.9e-09
 5.845e+06 0.23655914 1.7e-09
 5.845e+06 0.24064171 1.5e-09
 5.845e+06 0.24468085 1.4e-09
 5.845e+06 0.24867725 1.2e-09
 5.845e+06 0.25263158 1.1e-09
 5.845e+06 0.25654450 1e-09
 5.845e+06 0.26041667 9.1e-10
 5.845e+06 0.26424870 8.2e-10
 5.845e+06 0.26804124 7.4e-10
 5.845e+06 0.27179487 6.6e-10
 5.845e+06 0.27551020 6e-10
 5.845e+06 0.27918782 5.4e-10
 5.845e+06 0.28282828 4.8e-10
 5.845e+06 0.28643216 4.4e-10
 5.845e+06 0.29000000 3.9e-10
 5.845e+06 0.29353234 3.5e-10
 5.845e+06 0.29702970 3.2e-10
 5.845e+06 0.30049261 2.9e-10
 5.845e+06 0.30392157 2.9e-10
 5.845e+06 0.30731707 2.9e-10
 5.845e+06 0.31067961 2.9e-10
 5.845e+06 0.31400966 2.9e-10
 5.845e+06 0.31730769 2.9e-10
 5.845e+06 0.32057416 2.9e-10
 5.845e+06 0.32380952 2.9e-10
 5.845e+06 0.32701422 2.9e-10
 5.845e+06 0.33018868 2.9e-10
 5.845e+06 0.33333333 2.9e-10
 5.845e+06 0.33644860 2.9e-10
 5.845e+06 0.33953488 2.9e-10
 5.845e+06 0.34259259 2.9e-10
 5.845e+06 0.34562212 2.9e-10
 5.845e+06 0.34862385 2.9e-10
 5.845e+06 0.35159817 2.9e-10
 5.845e+06 0.35454545 2.9e-10
 5.845e+06 0.35746606 2.9e-10
 5.845e+06 0.36036036 2.9e-10
 5.845e+06 0.36322870 2.9e-10
 5.845e+06 0.36607143 2.9e-10
 5.845e+06 0.36888889 2.9e-10
 5.845e+06 0.37168142 2.9e-10
 5.845e+06 0.37444934 2.9e-10
 5.845e+06 0.37719298 2.9e-10
 5.845e+06 0.37991266 2.9e-10
 5.845e+06 0.38260870 2.9e-10
 5.845e+06 0.38528139 2.9e-10
 5.845e+06 0.38793103 2.9e-10
 5.845e+06 0.39055794 2.9e-10
 5.845e+06 0.39316239 2.9e-10
 5.845e+06 0.39574468 2.9e-10
 5.845e+06 0.39830508 2.9e-10
 5.845e+06 0.40084388 2.9e-10
 5.845e+06 0.40336134 2.9e-10
 5.845e+06 0.40585774 2.9e-10
 5.845e+06 0.40833333 2.9e-10
 5.845e+06 0.41078838 2.9e-10
 5.845e+06 0.41322314 2.9e-10
 5.845e+06 0.41563786 2.9e-10
 5.845e+06 0.41803279 2.9e-10
 5.845e+06 0.42040816 2.9e-10
 5.845e+06 0.42276423 2.9e-10
 5.845e+06 0.42510121 2.9e-10
 5.845e+06 0.42741935 2.9e-10
 5.845e+06 0.42971888 2.9e-10
 5.845e+06 0.43200000 2.9e-10
 5.845e+06 0.43426295 2.9e-10
 5.845e+06 0.43650794 2.9e-10
 5.845e+06 0.43873518 2.9e-10
 5.845e+06 0.44094488 2.9e-10
 5.845e+06 0.44313725 2.9e-10
 5.845e+06 0.44531250 2.9e-10
 5.845e+06 0.44747082 2.9e-10
 5.845e+06 0.44961240 2.9e-10
 5.845e+06 0.45173745 2.9e-10
 5.845e+06 0.45210728 2.9e-10
 5.845e+06 0.45419847 2.9e-10
 5.845e+06 0.45627376 2.9e-10
 5.845e+06 0.45833333 2.9e-10
 5.845e+06 0.46037736 2.9e-10
 5.845e+06 0.46240602 2.9e-10
 5.845e+06 0.46441948 2.9e-10
 5.845e+06 0.46641791 2.9e-10
 5.845e+06 0.46840149 2.9e-10
 5.845e+06 0.47037037 2.9e-10
 5.845e+06 0.47232472 2.9e-10
 5.845e+06 0.47426471 2.9e-10
 5.845e+06 0.47619048 2.9e-10
 5.845e+06 0.47810219 2.9e-10
 5.845e+06 0.48000000 2.9e-10
 5.845e+06 0.48188406 2.9e-10
 5.845e+06 0.48375451 2.9e-10
 5.845e+06 0.48561151 2.9e-10
 5.845e+06 0.48745520 2.9e-10
 5.845e+06 0.48928571 2.9e-10
 5.845e+06 0.49110320 2.9e-10
 5.845e+06 0.49290780 2.9e-10
 5.845e+06 0.49469965 2.9e-10
 5.845e+06 0.49647887 2.9e-10
 5.845e+06 0.49824561 2.9e-10
 5.845e+06 0.50000000 2.9e-10
 5.845e+06 0.50174216 2.9e-10
 5.845e+06 0.50347222 2.9e-10
 5.845e+06 0.50519031 2.9e-10
 5.845e+06 0.50689655 2.9e-10
 5.845e+06 0.50859107 2.9e-10
 5.845e+06 0.51027397 2.9e-10
 5.845e+06 0.51194539 2.9e-10
 5.845e+06 0.51360544 2.9e-10
 5.845e+06 0.51525424 2.9e-10
 5.845e+06 0.51689189 2.9e-10
 5.845e+06 0.51851852 2.9e-10
 5.845e+06 0.52013423 2.9e-10
 5.845e+06 0.52173913 2.9e-10
 5.845e+06 0.52333333 2.9e-10
 5.845e+06 0.52491694 2.9e-10
 5.845e+06 0.52649007 2.9e-10
 5.845e+06 0.52805281 2.9e-10
 5.845e+06 0.52960526 2.9e-10
 5.845e+06 0.53114754 2.9e-10
 5.845e+06 0.53267974 2.9e-10
 5.845e+06 0.53420195 2.9e-10
 5.845e+06 0.53571429 2.9e-10
 5.845e+06 0.53721683 2.9e-10
 5.845e+06 0.53870968 2.9e-10
 5.845e+06 0.54019293 2.9e-10
 5.845e+06 0.54166667 2.9e-10
 5.845e+06 0.54313099 2.9e-10
 5.845e+06 0.54458599 2.9e-10
 5.845e+06 0.54603175 2.9e-10
 5.845e+06 0.54746835 2.9e-10
 5.845e+06 0.54889590 2.9e-10
 5.845e+06 0.55031447 2.9e-10
 5.845e+06 0.55172414 2.9e-10
 5.845e+06 0.55312500 2.9e-10
 5.845e+06 0.55451713 2.9e-10
 5.845e+06 0.55590062 2.9e-10
 5.845e+06 0.55727554 2.9e-10
 5.845e+06 0.55864198 2.9e-10
 5.845e+06 0.56000000 2.9e-10
 5.845e+06 0.56134969 2.9e-10
 5.845e+06 0.56269113 2.9e-10
 5.845e+06 0.56402439 2.9e-10
 5.845e+06 0.56534954 2.9e-10
 5.845e+06 0.56666667 2.9e-10
 5.845e+06 0.56797583 2.9e-10
 5.845e+06 0.56927711 2.9e-10
 5.845e+06 0.57057057 2.9e-10
 5.845e+06 0.57185629 2.9e-10
 5.845e+06 0.57313433 2.9e-10
 5.845e+06 0.57440476 2.9e-10
 5.845e+06 0.57566766 2.9e-10
 5.845e+06 0.57692308 2.9e-10
 5.845e+06 0.57817109 2.9e-10
 5.845e+06 0.57941176 2.9e-10
 5.845e+06 0.58064516 2.9e-10
 5.845e+06 0.58187135 2.9e-10
 5.845e+06 0.58309038 2.9e-10
 5.845e+06 0.58430233 2.9e-10
 5.845e+06 0.58550725 2.9e-10
 5.845e+06 0.58670520 2.9e-10
 5.845e+06 0.58789625 2.9e-10
 5.845e+06 0.58908046 2.9e-10
 5.845e+06 0.59025788 2.9e-10
 5.845e+06 0.59142857 2.9e-10
 5.845e+06 0.59259259 2.9e-10
 5.845e+06 0.59375000 2.9e-10
 5.845e+06 0.59490085 2.9e-10
 5.845e+06 0.59604520 2.9e-10
 5.845e+06 0.59718310 2.9e-10
 5.845e+06 0.59831461 2.9e-10
 5.845e+06 0.59943978 2.9e-10
 5.845e+06 0.60055866 2.9e-10
 5.845e+06 0.60167131 2.9e-10
 5.845e+06 0.60277778 2.9e-10
 5.845e+06 0.60387812 2.9e-10
 5.845e+06 0.60497238 2.9e-10
 5.845e+06 0.60606061 2.9e-10
 5.845e+06 0.60714286 2.9e-10
 5.845e+06 0.60821918 2.9e-10
 5.845e+06 0.60928962 2.9e-10
 5.845e+06 0.61035422 2.9e-10
 5.845e+06 0.61141304 2.9e-10
 5.845e+06 0.61246612 2.9e-10
 5.845e+06 0.61351351 2.9e-10
 5.845e+06 0.61455526 2.9e-10
 5.845e+06 0.61559140 2.9e-10
 5.845e+06 0.61662198 2.9e-10
 5.845e+06 0.61764706 2.9e-10
 5.845e+06 0.61866667 2.9e-10
 5.845e+06 0.61968085 2.9e-10
 5.845e+06 0.62068966 2.9e-10
 5.845e+06 0.62169312 2.9e-10
 5.845e+06 0.62269129 2.9e-10
 5.845e+06 0.62368421 2.9e-10
 5.845e+06 0.62467192 2.9e-10
 5.845e+06 0.62565445 2.9e-10
 5.845e+06 0.62663185 2.9e-10
 5.845e+06 0.62760417 2.9e-10
 5.845e+06 0.62857143 2.9e-10
 5.845e+06 0.62953368 2.9e-10
 5.845e+06 0.63049096 2.9e-10
 5.845e+06 0.63144330 2.9e-10
 5.845e+06 0.63239075 2.9e-10
 5.845e+06 0.63333333 2.9e-10
 5.845e+06 0.63427110 2.9e-10
 5.845e+06 0.63520408 2.9e-10
 5.845e+06 0.63613232 2.9e-10
 5.845e+06 0.63705584 2.9e-10
 5.845e+06 0.63797468 2.9e-10
 5.845e+06 0.63888889 2.9e-10
 5.845e+06 0.63979849 2.9e-10
 5.845e+06 0.64070352 2.9e-10
 5.845e+06 0.64160401 2.9e-10
 5.845e+06 0.64250000 2.9e-10
 5.845e+06 0.64339152 2.9e-10
 5.845e+06 0.64427861 2.9e-10
 5.845e+06 0.64516129 2.9e-10
 5.845e+06 0.64603960 2.9e-10
 5.845e+06 0.64691358 2.9e-10
 5.845e+06 0.64778325 2.9e-10
 5.845e+06 0.64864865 2.9e-10
 5.845e+06 0.64950980 2.9e-10
 5.845e+06 0.65036675 2.9e-10
 5.845e+06 0.65121951 2.9e-10
 5.845e+06 0.65206813 2.9e-10
 5.845e+06 0.65291262 2.9e-10
 5.845e+06 0.65375303 2.9e-10
 5.845e+06 0.65458937 2.9e-10
 5.845e+06 0.65542169 2.9e-10
 5.845e+06 0.65625000 2.9e-10
 5.845e+06 0.65707434 2.9e-10
 5.845e+06 0.65789474 2.9e-10
 5.845e+06 0.65871122 2.9e-10
 5.845e+06 0.65952381 2.9e-10
 5.845e+06 0.66033254 2.9e-10
 5.845e+06 0.66113744 2.9e-10
 5.845e+06 0.66193853 2.9e-10
 5.845e+06 0.66273585 2.9e-10
 5.845e+06 0.66352941 2.9e-10
 5.845e+06 0.66431925 2.9e-10
 5.845e+06 0.66510539 2.9e-10
 5.845e+06 0.66588785 2.9e-10
 5.845e+06 0.66666667 2.9e-10
 5.845e+06 0.66744186 2.9e-10
 5.845e+06 0.66821346 2.9e-10
 5.845e+06 0.66898148 2.9e-10
 5.845e+06 0.66974596 2.9e-10
 5.845e+06 0.67050691 2.9e-10
 5.845e+06 0.67126437 2.9e-10
 5.845e+06 0.67201835 2.9e-10
 5.845e+06 0.67276888 2.9e-10
 5.845e+06 0.67351598 2.9e-10
 5.845e+06 0.67425968 2.9e-10
 5.845e+06 0.67500000 2.9e-10
 5.845e+06 0.67573696 2.9e-10
 5.845e+06 0.67647059 2.9e-10
 5.845e+06 0.67720090 2.9e-10
 5.845e+06 0.67792793 2.9e-10
 5.845e+06 0.67865169 2.9e-10
 5.845e+06 0.67937220 2.9e-10
 5.845e+06 0.68008949 2.9e-10
 5.845e+06 0.68080357 2.9e-10
 5.845e+06 0.68151448 2.9e-10
 5.845e+06 0.68222222 2.9e-10
 5.845e+06 0.68292683 2.9e-10
 5.845e+06 0.68362832 2.9e-10
 5.845e+06 0.68432671 2.9e-10
 5.845e+06 0.68502203 2.9e-10
 5.845e+06 0.68571429 2.9e-10
 5.845e+06 0.68640351 2.9e-10
 5.845e+06 0.68708972 2.9e-10
 5.845e+06 0.68777293 2.9e-10
 5.845e+06 0.68845316 2.9e-10
 5.845e+06 0.68913043 2.9e-10
 5.845e+06 0.68980477 2.9e-10
 5.845e+06 0.69047619 2.9e-10
 5.845e+06 0.69114471 2.9e-10
 5.845e+06 0.69181034 2.9e-10
 5.845e+06 0.69247312 2.9e-10
 5.845e+06 0.69313305 2.9e-10
 5.845e+06 0.69379015 2.9e-10
 5.845e+06 0.69444444 2.9e-10
 5.845e+06 0.69509595 2.9e-10
 5.845e+06 0.69574468 2.9e-10
 5.845e+06 0.69639066 2.9e-10
 5.845e+06 0.69703390 2.9e-10
 5.845e+06 0.69767442 2.9e-10
 5.845e+06 0.69831224 2.9e-10
 5.845e+06 0.69894737 2.9e-10
 5.845e+06 0.69957983 2.9e-10
 5.845e+06 0.70020964 2.9e-10
 5.845e+06 0.70083682 3.1e-10
 5.845e+06 0.70146138 3.5e-10
 5.845e+06 0.70208333 3.8e-10
 5.845e+06 0.70270270 4.2e-10
 5.845e+06 0.70331950 4.6e-10
 5.845e+06 0.70393375 5.1e-10
 5.845e+06 0.70454545 5.6e-10
 5.845e+06 0.70515464 6.1e-10
 5.845e+06 0.70576132 6.7e-10
 5.845e+06 0.70636550 7.4e-10
 5.845e+06 0.70696721 8.2e-10
 5.845e+06 0.70756646 9e-10
 5.845e+06 0.70816327 9.9e-10
 5.845e+06 0.70875764 1.1e-09
 5.845e+06 0.70934959 1.2e-09
 5.845e+06 0.70993915 1.3e-09
 5.845e+06 0.71052632 1.4e-09
 5.845e+06 0.71111111 1.6e-09
 5.845e+06 0.71169355 1.7e-09
 5.845e+06 0.71227364 1.9e-09
 5.845e+06 0.71285141 2.1e-09
 5.845e+06 0.71342685 2.3e-09
 5.845e+06 0.71400000 2.6e-09
 5.845e+06 0.71457086 2.8e-09
 5.845e+06 0.71513944 3.1e-09
 5.845e+06 0.71428571 3.7e-09
 5.845e+06 0.71485149 4.1e-09
 5.845e+06 0.71541502 4.5e-09
 5.845e+06 0.71597633 5e-09
 5.845e+06 0.71653543 5.5e-09
 5.845e+06 0.71709234 6e-09
 5.845e+06 0.71764706 6.6e-09
 5.845e+06 0.71819961 7.3e-09
 5.845e+06 0.71875000 8e-09
 5.845e+06 0.71929825 8.8e-09
 5.845e+06 0.71984436 9.7e-09
 5.845e+06 0.72038835 1.1e-08
 5.845e+06 0.72093023 1.2e-08
 5.845e+06 0.72147002 1.3e-08
 5.845e+06 0.72200772 1.4e-08
 5.845e+06 0.72254335 1.6e-08
 5.845e+06 0.72307692 1.7e-08
 5.845e+06 0.72360845 1.9e-08
 5.845e+06 0.72413793 2.1e-08
 5.845e+06 0.72466539 2.3e-08
 5.845e+06 0.72519084 2.5e-08
 5.845e+06 0.72571429 2.8e-08
 5.845e+06 0.72623574 3e-08
 5.845e+06 0.72675522 3.4e-08
 5.845e+06 0.72727273 3.7e-08
 5.845e+06 0.72641509 4.5e-08
 5.845e+06 0.72556391 5.4e-08
 5.845e+06 0.72607880 5.9e-08
 5.845e+06 0.72659176 6.5e-08
 5.845e+06 0.72710280 7.2e-08
 5.845e+06 0.72761194 7.9e-08
 5.845e+06 0.72811918 8.7e-08
 5.845e+06 0.72727273 1.1e-07
 5.845e+06 0.72777778 1.2e-07
 5.845e+06 0.72828096 1.3e-07
 5.845e+06 0.72477064 1.9e-07
 5.845e+06 0.72527473 2.1e-07
 5.845e+06 0.72181818 3e-07
 5.845e+06 0.71971067 4e-07
 5.845e+06 0.58762887 1.8e-06
 5.845e+06 0.56899004 1.8e-06
 5.845e+06 0.56241234 1.8e-06
 5.845e+06 0.53887399 1.8e-06
 5.845e+06 0.53949130 1.8e-06
 5.845e+06 0.49815043 1.8e-06
 5.845e+06 0.48913043 1.8e-06
 5.845e+06 0.48739496 1.8e-06
 5.845e+06 0.47995283 1.8e-06
 5.845e+06 0.45842697 1.8e-06
 5.845e+06 0.45800672 1.8e-06
 5.845e+06 0.41456016 1.8e-06
 5.845e+06 0.38920455 1.8e-06
 5.845e+06 0.36235708 1.8e-06
 5.845e+06 0.34911243 1.8e-06
 5.845e+06 0.30941704 1.8e-06
 5.845e+06 0.29706514 3.4e-07
 5.845e+06 0.29650748 1.8e-07
 5.845e+06 0.29700855 1.6e-07
 5.845e+06 0.29750890 1.5e-07
 5.845e+06 0.29758523 1.1e-07
 5.845e+06 0.29787234 8.7e-08
 5.845e+06 0.29836995 7.8e-08
 5.845e+06 0.29865534 6.3e-08
 5.845e+06 0.29915134 5.7e-08
 5.845e+06 0.29943503 4.6e-08
 5.845e+06 0.29992943 4.1e-08
 5.845e+06 0.30042313 3.7e-08
 5.845e+06 0.30091614 3.7e-08
 5.845e+06 0.30140845 3.7e-08
 5.845e+06 0.30190007 3.7e-08
 5.845e+06 0.30239100 3.7e-08
 5.845e+06 0.30288124 3.7e-08
 5.845e+06 0.30315789 3.7e-08
 5.845e+06 0.30364656 3.7e-08
 5.845e+06 0.30413455 3.7e-08
 5.845e+06 0.30440868 3.7e-08
 5.845e+06 0.30489510 3.7e-08
 5.845e+06 0.30538085 3.7e-08
 5.845e+06 0.30586592 3.7e-08
 5.845e+06 0.30635031 3.7e-08
 5.845e+06 0.30683403 3.7e-08
 5.845e+06 0.30731707 3.7e-08
 5.845e+06 0.30779944 3.7e-08
 5.845e+06 0.30828114 3.7e-08
 5.845e+06 0.30876217 3.7e-08
 5.845e+06 0.30881332 3.7e-08
 5.845e+06 0.30929265 3.7e-08
 5.845e+06 0.30977131 3.7e-08
 5.845e+06 0.31024931 3.7e-08
 5.845e+06 0.31072664 3.7e-08
 5.845e+06 0.31120332 3.7e-08
 5.845e+06 0.31146409 3.7e-08
 5.845e+06 0.31193927 3.7e-08
 5.845e+06 0.31241379 3.7e-08
 5.845e+06 0.31288766 3.7e-08
 5.845e+06 0.31336088 3.7e-08
 5.845e+06 0.31383345 3.7e-08
 5.845e+06 0.31430536 3.7e-08
 5.845e+06 0.31477663 3.7e-08
 5.845e+06 0.31503089 3.7e-08
 5.845e+06 0.31550069 3.7e-08
 5.845e+06 0.31596984 3.7e-08
 5.845e+06 0.31643836 3.7e-08
 5.845e+06 0.31690623 3.7e-08
 5.845e+06 0.31693989 3.7e-08
 5.845e+06 0.31740614 3.7e-08
 5.845e+06 0.31787176 3.7e-08
 5.845e+06 0.31833674 3.7e-08
 5.845e+06 0.31880109 3.7e-08
 5.845e+06 0.31926481 3.7e-08
 5.845e+06 0.31972789 3.7e-08
 5.845e+06 0.31997283 3.7e-08
 5.845e+06 0.32043449 3.7e-08
 5.845e+06 0.32067797 3.7e-08
 5.845e+06 0.32113821 3.7e-08
 5.845e+06 0.32159783 3.7e-08
 5.845e+06 0.32205683 3.7e-08
 5.845e+06 0.32251521 3.7e-08
 5.845e+06 0.32297297 3.7e-08
 5.845e+06 0.32343011 3.7e-08
 5.845e+06 0.32388664 3.7e-08
 5.845e+06 0.32434255 3.7e-08
 5.845e+06 0.32457912 3.7e-08
 5.845e+06 0.32503365 3.7e-08
 5.845e+06 0.32548756 3.7e-08
 5.845e+06 0.32572196 3.7e-08
 5.845e+06 0.32617450 3.7e-08
 5.845e+06 0.32662643 3.7e-08
 5.845e+06 0.32685867 3.7e-08
 5.845e+06 0.32687166 3.7e-08
 5.845e+06 0.32732131 3.7e-08
 5.845e+06 0.32777036 3.7e-08
 5.845e+06 0.32821881 3.7e-08
 5.845e+06 0.32866667 3.7e-08
 5.845e+06 0.32889481 3.7e-08
 5.845e+06 0.32934132 3.7e-08
 5.845e+06 0.32956811 3.7e-08
 5.845e+06 0.33001328 3.7e-08
 5.845e+06 0.33045786 3.7e-08
 5.845e+06 0.33090186 3.7e-08
 5.845e+06 0.33134526 3.7e-08
 5.845e+06 0.33178808 3.7e-08
 5.845e+06 0.33223031 3.7e-08
 5.845e+06 0.33267196 3.7e-08
 5.845e+06 0.33311302 3.7e-08
 5.845e+06 0.33355350 3.7e-08
 5.845e+06 0.33399340 3.7e-08
 5.845e+06 0.33421226 3.7e-08
 5.845e+06 0.33465086 3.7e-08
 5.845e+06 0.33508887 3.7e-08
 5.845e+06 0.33552632 3.7e-08
 5.845e+06 0.33596318 3.7e-08
 5.845e+06 0.33639947 3.7e-08
 5.845e+06 0.33683519 3.7e-08
 5.845e+06 0.33727034 3.7e-08
 5.845e+06 0.33770492 3.7e-08
 5.845e+06 0.33813893 3.7e-08
 5.845e+06 0.33857236 3.7e-08
 5.845e+06 0.33900524 3.7e-08
 5.845e+06 0.33943754 3.7e-08
 5.845e+06 0.33986928 3.7e-08
 5.845e+06 0.34030046 3.7e-08
 5.845e+06 0.34073107 3.7e-08
 5.845e+06 0.34116112 3.7e-08
 5.845e+06 0.34136808 3.7e-08
 5.845e+06 0.34179688 3.7e-08
 5.845e+06 0.34222511 3.7e-08
 5.845e+06 0.34265280 3.7e-08
 5.845e+06 0.34307992 3.7e-08
 5.845e+06 0.34350649 3.7e-08
 5.845e+06 0.34393251 3.7e-08
 5.845e+06 0.34413480 3.7e-08
 5.845e+06 0.34455959 3.7e-08
 5.845e+06 0.34498382 3.7e-08
 5.845e+06 0.34540750 3.7e-08
 5.845e+06 0.34583064 3.7e-08
 5.845e+06 0.34625323 3.7e-08
 5.845e+06 0.34667527 3.7e-08
 5.845e+06 0.34709677 3.7e-08
 5.845e+06 0.34751773 3.7e-08
 5.845e+06 0.34793814 3.7e-08
 5.845e+06 0.34835802 3.7e-08
 5.845e+06 0.34877735 3.7e-08
 5.845e+06 0.34919614 3.7e-08
 5.845e+06 0.34961440 3.7e-08
 5.845e+06 0.35003211 3.7e-08
 5.845e+06 0.35044929 3.7e-08
 5.845e+06 0.35086594 3.7e-08
 5.845e+06 0.35128205 3.7e-08
 5.845e+06 0.35169763 3.7e-08
 5.845e+06 0.35211268 3.7e-08
 5.845e+06 0.35252719 3.7e-08
 5.845e+06 0.35294118 3.7e-08
 5.845e+06 0.35312899 3.7e-08
 5.845e+06 0.35354180 3.7e-08
 5.845e+06 0.35395408 3.7e-08
 5.845e+06 0.35436584 3.7e-08
 5.845e+06 0.35477707 3.7e-08
 5.845e+06 0.35518778 3.7e-08
 5.845e+06 0.35559796 3.7e-08
 5.845e+06 0.35600763 3.7e-08
 5.845e+06 0.35641677 3.7e-08
 5.845e+06 0.35682540 3.7e-08
 5.845e+06 0.35700698 3.7e-08
 5.845e+06 0.35741445 3.7e-08
 5.845e+06 0.35782141 3.7e-08
 5.845e+06 0.35800127 3.7e-08
 5.845e+06 0.35840708 3.7e-08
 5.845e+06 0.35881238 3.7e-08
 5.845e+06 0.35921717 3.7e-08
 5.845e+06 0.35962145 3.7e-08
 5.845e+06 0.35979836 3.7e-08
 5.845e+06 0.36020151 3.7e-08
 5.845e+06 0.36060415 3.7e-08
 5.845e+06 0.36100629 3.7e-08
 5.845e+06 0.36140792 3.7e-08
 5.845e+06 0.36180905 3.7e-08
 5.845e+06 0.36220967 3.7e-08
 5.845e+06 0.36260979 3.7e-08
 5.845e+06 0.36300940 3.7e-08
 5.845e+06 0.36340852 3.7e-08
 5.845e+06 0.36335210 3.7e-08
 5.845e+06 0.36375000 3.7e-08
 5.845e+06 0.36414741 3.7e-08
 5.845e+06 0.36431691 3.7e-08
 5.845e+06 0.36471322 3.7e-08
 5.845e+06 0.36510903 3.7e-08
 5.845e+06 0.36550436 3.7e-08
 5.845e+06 0.36589919 3.7e-08
 5.845e+06 0.36629353 3.7e-08
 5.845e+06 0.36668738 3.7e-08
 5.845e+06 0.36708075 3.7e-08
 5.845e+06 0.36747362 3.7e-08
 5.845e+06 0.36786600 3.7e-08
 5.845e+06 0.36825790 3.7e-08
 5.845e+06 0.36864932 3.7e-08
 5.845e+06 0.36904025 3.7e-08
 5.845e+06 0.36943069 3.7e-08
 5.845e+06 0.36982066 3.7e-08
 5.845e+06 0.37021014 3.7e-08
 5.845e+06 0.37059914 3.7e-08
 5.845e+06 0.37098765 3.7e-08
 5.845e+06 0.37137569 3.7e-08
 5.845e+06 0.37176326 3.7e-08
 5.845e+06 0.37215034 3.7e-08
 5.845e+06 0.37253695 3.7e-08
 5.845e+06 0.37292308 3.7e-08
 5.845e+06 0.37330873 3.7e-08
 5.845e+06 0.37369392 3.7e-08
 5.845e+06 0.37407862 3.7e-08
 5.845e+06 0.37446286 3.7e-08
 5.845e+06 0.37484663 3.7e-08
 5.845e+06 0.37522992 3.7e-08
 5.845e+06 0.37538273 3.7e-08
 5.845e+06 0.37553517 3.7e-08
 5.845e+06 0.37568723 3.7e-08
 5.845e+06 0.37606838 3.7e-08
 5.845e+06 0.37644905 3.7e-08
 5.845e+06 0.37682927 3.7e-08
 5.845e+06 0.37697929 3.7e-08
 5.845e+06 0.37735849 3.7e-08
 5.845e+06 0.37773723 3.7e-08
 5.845e+06 0.37811550 3.7e-08
 5.845e+06 0.37803398 3.7e-08
 5.845e+06 0.37841116 3.7e-08
 5.845e+06 0.37878788 3.7e-08
 5.845e+06 0.37893462 3.7e-08
 5.845e+06 0.37931034 3.7e-08
 5.845e+06 0.37968561 3.7e-08
 5.845e+06 0.38006042 3.7e-08
 5.845e+06 0.38043478 3.7e-08
 5.845e+06 0.38080869 3.7e-08
 5.845e+06 0.38118215 3.7e-08
 5.845e+06 0.38155515 3.7e-08
 5.845e+06 0.38192771 3.7e-08
 5.845e+06 0.38229982 3.7e-08
 5.845e+06 0.38267148 3.7e-08
 5.845e+06 0.38304269 3.7e-08
 5.845e+06 0.38341346 3.7e-08
 5.845e+06 0.38378378 3.7e-08
 5.845e+06 0.38415366 3.7e-08
 5.845e+06 0.38452310 3.7e-08
 5.845e+06 0.38489209 3.7e-08
 5.845e+06 0.38526064 3.7e-08
 5.845e+06 0.38562874 3.7e-08
 5.845e+06 0.38599641 3.7e-08
 5.845e+06 0.38636364 3.7e-08
 5.845e+06 0.38649940 3.7e-08
 5.845e+06 0.38686567 3.7e-08
 5.845e+06 0.38723150 3.7e-08
 5.845e+06 0.38759690 3.7e-08
 5.845e+06 0.38796186 3.7e-08
 5.845e+06 0.38832638 3.7e-08
 5.845e+06 0.38869048 3.7e-08
 5.845e+06 0.38905413 3.7e-08
 5.845e+06 0.38941736 3.7e-08
 5.845e+06 0.38954869 3.7e-08
 5.845e+06 0.38991098 3.7e-08
 5.845e+06 0.39027284 3.7e-08
 5.845e+06 0.39040284 3.7e-08
 5.845e+06 0.39076377 3.7e-08
 5.845e+06 0.39112426 3.7e-08
 5.845e+06 0.39148433 3.7e-08
 5.845e+06 0.39184397 3.7e-08
 5.845e+06 0.39220319 3.7e-08
 5.845e+06 0.39256198 3.7e-08
 5.845e+06 0.39292035 3.7e-08
 5.845e+06 0.39327830 3.7e-08
 5.845e+06 0.39363583 3.7e-08
 5.845e+06 0.39399293 3.7e-08
 5.845e+06 0.39434962 3.7e-08
 5.845e+06 0.39447384 3.7e-08
 5.845e+06 0.39482961 3.7e-08
 5.845e+06 0.39518497 3.7e-08
 5.845e+06 0.39553991 3.7e-08
 5.845e+06 0.39589443 3.7e-08
 5.845e+06 0.39624853 3.7e-08
 5.845e+06 0.39660223 3.7e-08
 5.845e+06 0.39695550 3.7e-08
 5.845e+06 0.39730837 3.7e-08
 5.845e+06 0.39766082 3.7e-08
 5.845e+06 0.39801286 3.7e-08
 5.845e+06 0.39836449 3.7e-08
 5.845e+06 0.39871570 3.7e-08
 5.845e+06 0.39906651 3.7e-08
 5.845e+06 0.39895166 3.7e-08
 5.845e+06 0.39930151 3.7e-08
 5.845e+06 0.39965096 3.7e-08
 5.845e+06 0.40000000 3.7e-08
 5.845e+06 0.40034863 3.7e-08
 5.845e+06 0.40069686 3.7e-08
 5.845e+06 0.40104469 3.7e-08
 5.845e+06 0.40139211 3.7e-08
 5.845e+06 0.40173913 3.7e-08
 5.845e+06 0.40208575 3.7e-08
 5.845e+06 0.40219907 3.7e-08
 5.845e+06 0.40254482 3.7e-08
 5.845e+06 0.40289017 3.7e-08
 5.845e+06 0.40323512 3.7e-08
 5.845e+06 0.40334680 3.7e-08
 5.845e+06 0.40369089 3.7e-08
 5.845e+06 0.40403458 3.7e-08
 5.845e+06 0.40437788 3.7e-08
 5.845e+06 0.40472078 3.7e-08
 5.845e+06 0.40506329 3.7e-08
 5.845e+06 0.40540541 3.7e-08
 5.845e+06 0.40574713 3.7e-08
 5.845e+06 0.40585534 3.7e-08
 5.845e+06 0.40619621 3.7e-08
 5.845e+06 0.40653670 3.7e-08
 5.845e+06 0.40687679 3.7e-08
 5.845e+06 0.40698340 3.7e-08
 5.845e+06 0.40732265 3.7e-08
 5.845e+06 0.40766152 3.7e-08
 5.845e+06 0.40776699 3.7e-08
 5.845e+06 0.40810502 3.7e-08
 5.845e+06 0.40844267 3.7e-08
 5.845e+06 0.40877993 3.7e-08
 5.845e+06 0.40911681 3.7e-08
 5.845e+06 0.40945330 3.7e-08
 5.845e+06 0.40978941 3.7e-08
 5.845e+06 0.41012514 3.7e-08
 5.845e+06 0.41046049 3.7e-08
 5.845e+06 0.41079545 3.7e-08
 5.845e+06 0.41089671 3.7e-08
 5.845e+06 0.41123086 3.7e-08
 5.845e+06 0.41156463 3.7e-08
 5.845e+06 0.41189802 3.7e-08
 5.845e+06 0.41223103 3.7e-08
 5.845e+06 0.41256367 3.7e-08
 5.845e+06 0.41289593 3.7e-08
 5.845e+06 0.41322781 3.7e-08
 5.845e+06 0.41355932 3.7e-08
 5.845e+06 0.41365688 3.7e-08
 5.845e+06 0.41398759 3.7e-08
 5.845e+06 0.41408451 3.7e-08
 5.845e+06 0.41441441 3.7e-08
 5.845e+06 0.41474395 3.7e-08
 5.845e+06 0.41507312 3.7e-08
 5.845e+06 0.41540191 3.7e-08
 5.845e+06 0.41573034 3.7e-08
 5.845e+06 0.41605839 3.7e-08
 5.845e+06 0.41615255 3.7e-08
 5.845e+06 0.41647982 3.7e-08
 5.845e+06 0.41680672 3.7e-08
 5.845e+06 0.41713326 3.7e-08
 5.845e+06 0.41745943 3.7e-08
 5.845e+06 0.41778523 3.7e-08
 5.845e+06 0.41811068 3.7e-08
 5.845e+06 0.41843575 3.7e-08
 5.845e+06 0.41876047 3.7e-08
 5.845e+06 0.41908482 3.7e-08
 5.845e+06 0.41940881 3.7e-08
 5.845e+06 0.41973244 3.7e-08
 5.845e+06 0.41982183 3.7e-08
 5.845e+06 0.42014469 3.7e-08
 5.845e+06 0.42046719 3.7e-08
 5.845e+06 0.42078933 3.7e-08
 5.845e+06 0.42111111 3.7e-08
 5.845e+06 0.42143254 3.7e-08
 5.845e+06 0.42151969 3.7e-08
 5.845e+06 0.42184035 3.7e-08
 5.845e+06 0.42216066 3.7e-08
 5.845e+06 0.42224682 3.7e-08
 5.845e+06 0.42256637 3.7e-08
 5.845e+06 0.42288557 3.7e-08
 5.845e+06 0.42320442 3.7e-08
 5.845e+06 0.42352292 3.7e-08
 5.845e+06 0.42384106 3.7e-08
 5.845e+06 0.42415885 3.7e-08
 5.845e+06 0.42447630 3.7e-08
 5.845e+06 0.42479339 3.7e-08
 5.845e+06 0.42487617 3.7e-08
 5.845e+06 0.42519252 3.7e-08
 5.845e+06 0.42550852 3.7e-08
 5.845e+06 0.42582418 3.7e-08
 5.845e+06 0.42590560 3.7e-08
 5.845e+06 0.42622052 3.7e-08
 5.845e+06 0.42653509 3.7e-08
 5.845e+06 0.42684932 3.7e-08
 5.845e+06 0.42716320 3.7e-08
 5.845e+06 0.42747674 3.7e-08
 5.845e+06 0.42778993 3.7e-08
 5.845e+06 0.42810279 3.7e-08
 5.845e+06 0.42841530 3.7e-08
 5.845e+06 0.42872747 3.7e-08
 5.845e+06 0.42903930 3.7e-08
 5.845e+06 0.42935079 3.7e-08
 5.845e+06 0.42966194 3.7e-08
 5.845e+06 0.42997275 3.7e-08
 5.845e+06 0.43028322 3.7e-08
 5.845e+06 0.43059336 3.7e-08
 5.845e+06 0.43090316 3.7e-08
 5.845e+06 0.43121262 3.7e-08
 5.845e+06 0.43152174 3.7e-08
 5.845e+06 0.43183053 3.7e-08
 5.845e+06 0.43190450 3.7e-08
 5.845e+06 0.43221258 3.7e-08
 5.845e+06 0.43252033 3.7e-08
 5.845e+06 0.43282774 3.7e-08
 5.845e+06 0.43313481 3.7e-08
 5.845e+06 0.43344156 3.7e-08
 5.845e+06 0.43327931 3.7e-08
 5.845e+06 0.43358531 3.7e-08
 5.845e+06 0.43389099 3.7e-08
 5.845e+06 0.43419633 3.7e-08
 5.845e+06 0.43450135 3.7e-08
 5.845e+06 0.43480603 3.7e-08
 5.845e+06 0.43511039 3.7e-08
 5.845e+06 0.43541442 3.7e-08
 5.845e+06 0.43571813 3.7e-08
 5.845e+06 0.43602151 3.7e-08
 5.845e+06 0.43632456 3.7e-08
 5.845e+06 0.43662728 3.7e-08
 5.845e+06 0.43692968 3.7e-08
 5.845e+06 0.43723176 3.7e-08
 5.845e+06 0.43753351 3.7e-08
 5.845e+06 0.43783494 3.7e-08
 5.845e+06 0.43813605 3.7e-08
 5.845e+06 0.43843683 3.7e-08
 5.845e+06 0.43873729 3.7e-08
 5.845e+06 0.43903743 3.7e-08
 5.845e+06 0.43910256 3.7e-08
 5.845e+06 0.43940203 3.7e-08
 5.845e+06 0.43970117 3.7e-08
 5.845e+06 0.44000000 3.7e-08
 5.845e+06 0.44029851 3.7e-08
 5.845e+06 0.44059670 3.7e-08
 5.845e+06 0.44089457 3.7e-08
 5.845e+06 0.44119212 3.7e-08
 5.845e+06 0.44148936 3.7e-08
 5.845e+06 0.44178628 3.7e-08
 5.845e+06 0.44208289 3.7e-08
 5.845e+06 0.44237918 3.7e-08
 5.845e+06 0.44267516 3.7e-08
 5.845e+06 0.44297082 3.7e-08
 5.845e+06 0.44326617 3.7e-08
 5.845e+06 0.44356121 3.7e-08
 5.845e+06 0.44385593 3.7e-08
 5.845e+06 0.44415034 3.7e-08
 5.845e+06 0.44444444 3.7e-08
 5.845e+06 0.44473823 3.7e-08
 5.845e+06 0.44503171 3.7e-08
 5.845e+06 0.44532488 3.7e-08
 5.845e+06 0.44561774 3.7e-08
 5.845e+06 0.44591029 3.7e-08
 5.845e+06 0.44620253 3.7e-08
 5.845e+06 0.44649446 3.7e-08
 5.845e+06 0.44678609 3.7e-08
 5.845e+06 0.44707741 3.7e-08
 5.845e+06 0.44736842 3.7e-08
 5.845e+06 0.44718865 3.7e-08
 5.845e+06 0.44747899 3.7e-08
 5.845e+06 0.44776903 3.7e-08
 5.845e+06 0.44805876 3.7e-08
 5.845e+06 0.44834819 3.7e-08
 5.845e+06 0.44863732 3.7e-08
 5.845e+06 0.44892614 3.7e-08
 5.845e+06 0.44921466 3.7e-08
 5.845e+06 0.44926778 3.7e-08
 5.845e+06 0.44955567 3.7e-08
 5.845e+06 0.44984326 3.7e-08
 5.845e+06 0.45013055 3.7e-08
 5.845e+06 0.45041754 3.7e-08
 5.845e+06 0.45070423 3.7e-08
 5.845e+06 0.45075560 3.7e-08
 5.845e+06 0.45104167 3.7e-08
 5.845e+06 0.45132743 3.7e-08
 5.845e+06 0.45161290 3.7e-08
 5.845e+06 0.45189808 3.7e-08
 5.845e+06 0.45194805 3.7e-08
 5.845e+06 0.45223261 3.7e-08
 5.845e+06 0.45251687 3.7e-08
 5.845e+06 0.45280083 3.7e-08
 5.845e+06 0.45308450 3.7e-08
 5.845e+06 0.45336788 3.7e-08
 5.845e+06 0.45365096 3.7e-08
 5.845e+06 0.45393375 3.7e-08
 5.845e+06 0.45421624 3.7e-08
 5.845e+06 0.45449845 3.7e-08
 5.845e+06 0.45478036 3.7e-08
 5.845e+06 0.45506198 3.7e-08
 5.845e+06 0.45534331 3.7e-08
 5.845e+06 0.45515464 3.7e-08
 5.845e+06 0.45543534 3.7e-08
 5.845e+06 0.45548121 3.7e-08
 5.845e+06 0.45552699 3.7e-08
 5.845e+06 0.45580678 3.7e-08
 5.845e+06 0.45585216 3.7e-08
 5.845e+06 0.45613135 3.7e-08
 5.845e+06 0.45641026 3.7e-08
 5.845e+06 0.45668888 3.7e-08
 5.845e+06 0.45696721 3.7e-08
 5.845e+06 0.45724526 3.7e-08
 5.845e+06 0.45752303 3.7e-08
 5.845e+06 0.45780051 3.7e-08
 5.845e+06 0.45807771 3.7e-08
 5.845e+06 0.45835462 3.7e-08
 5.845e+06 0.45863126 3.7e-08
 5.845e+06 0.45890761 3.7e-08
 5.845e+06 0.45918367 3.7e-08
 5.845e+06 0.45945946 3.7e-08
 5.845e+06 0.45973496 3.7e-08
 5.845e+06 0.46001019 3.7e-08
 5.845e+06 0.46005089 3.7e-08
 5.845e+06 0.46032553 3.7e-08
 5.845e+06 0.46059990 3.7e-08
 5.845e+06 0.46087398 3.7e-08
 5.845e+06 0.46114779 3.7e-08
 5.845e+06 0.46142132 3.7e-08
 5.845e+06 0.46169457 3.7e-08
 5.845e+06 0.46173340 3.7e-08
 5.845e+06 0.46200608 3.7e-08
 5.845e+06 0.46227848 3.7e-08
 5.845e+06 0.46255061 3.7e-08
 5.845e+06 0.46282246 3.7e-08
 5.845e+06 0.46309403 3.7e-08
 5.845e+06 0.46336534 3.7e-08
 5.845e+06 0.46363636 3.7e-08
 5.845e+06 0.46367306 3.7e-08
 5.845e+06 0.46394352 3.7e-08
 5.845e+06 0.46421371 3.7e-08
 5.845e+06 0.46424975 3.7e-08
 5.845e+06 0.46451938 3.7e-08
 5.845e+06 0.46455505 3.7e-08
 5.845e+06 0.46482412 3.7e-08
 5.845e+06 0.46485944 3.7e-08
 5.845e+06 0.46350000 3.7e-08
 5.845e+06 0.46376812 3.7e-08
 5.845e+06 0.46403596 3.7e-08
 5.845e+06 0.46430354 3.7e-08
 5.845e+06 0.46457086 3.7e-08
 5.845e+06 0.46483791 3.7e-08
 5.845e+06 0.46510469 3.7e-08
 5.845e+06 0.46537120 3.7e-08
 5.845e+06 0.46563745 3.7e-08
 5.845e+06 0.46590343 3.7e-08
 5.845e+06 0.46616915 3.7e-08
 5.845e+06 0.46620278 3.7e-08
 5.845e+06 0.46646796 3.7e-08
 5.845e+06 0.46673287 3.7e-08
 5.845e+06 0.46699752 3.7e-08
 5.845e+06 0.46726190 3.7e-08
 5.845e+06 0.46752603 3.7e-08
 5.845e+06 0.46778989 3.7e-08
 5.845e+06 0.46805349 3.7e-08
 5.845e+06 0.46831683 3.7e-08
 5.845e+06 0.46857991 3.7e-08
 5.845e+06 0.46884273 3.7e-08
 5.845e+06 0.46910529 3.7e-08
 5.845e+06 0.46936759 3.7e-08
 5.845e+06 0.46962963 3.7e-08
 5.845e+06 0.46989141 3.7e-08
 5.845e+06 0.47015294 3.7e-08
 5.845e+06 0.47041420 3.7e-08
 5.845e+06 0.47067521 3.7e-08
 5.845e+06 0.47070409 3.7e-08
 5.845e+06 0.47096457 3.7e-08
 5.845e+06 0.47122479 3.7e-08
 5.845e+06 0.47148476 3.7e-08
 5.845e+06 0.47174447 3.7e-08
 5.845e+06 0.47177221 3.7e-08
 5.845e+06 0.47203140 3.7e-08
 5.845e+06 0.47229034 3.7e-08
 5.845e+06 0.47254902 3.7e-08
 5.845e+06 0.47280745 3.7e-08
 5.845e+06 0.47306562 3.7e-08
 5.845e+06 0.47332354 3.7e-08
 5.845e+06 0.47358121 3.7e-08
 5.845e+06 0.47383863 3.7e-08
 5.845e+06 0.47409580 3.7e-08
 5.845e+06 0.47435271 3.7e-08
 5.845e+06 0.47460938 3.7e-08
 5.845e+06 0.47486579 3.7e-08
 5.845e+06 0.47489030 3.7e-08
 5.845e+06 0.47514620 3.7e-08
 5.845e+06 0.47540185 3.7e-08
 5.845e+06 0.47565725 3.7e-08
 5.845e+06 0.47568093 3.7e-08
 5.845e+06 0.47593583 3.7e-08
 5.845e+06 0.47619048 3.7e-08
 5.845e+06 0.47644488 3.7e-08
 5.845e+06 0.47623666 3.7e-08
 5.845e+06 0.47649055 3.7e-08
 5.845e+06 0.47674419 3.7e-08
 5.845e+06 0.47699758 3.7e-08
 5.845e+06 0.47725073 3.7e-08
 5.845e+06 0.47750363 3.7e-08
 5.845e+06 0.47752537 3.7e-08
 5.845e+06 0.47777778 3.7e-08
 5.845e+06 0.47802994 3.7e-08
 5.845e+06 0.47828185 3.7e-08
 5.845e+06 0.47853353 3.7e-08
 5.845e+06 0.47878496 3.7e-08
 5.845e+06 0.47880539 3.7e-08
 5.845e+06 0.47905633 3.7e-08
 5.845e+06 0.47907648 3.7e-08
 5.845e+06 0.47932692 3.7e-08
 5.845e+06 0.47957713 3.7e-08
 5.845e+06 0.47982709 3.7e-08
 5.845e+06 0.48007681 3.7e-08
 5.845e+06 0.48009592 3.7e-08
# end
# elapsed: 12.54 s
